Non blocking patterns:

000 001 111 100
000 001 000 100
111 001 000 100

000 001 111 110
100 001 001 100
111 011 000 100

000 011 111 100
001 001 100 100
111 001 000 110


000 011 111 110
101 001 101 100
111 011 000 110

101 111 111 111
101 001 101 100
111 111 101 111

100 011 111 111
101 001 101 100
111 111 001 110


001 111 111 110
101 001 101 100
111 011 100 111

000 000 011 110
100 001 001 100
110 011 000 000

000 011 110 000
001 001 100 100
011 000 000 110

001 111 111 100
001 001 100 100
111 001 100 111
